2800891343877
2800806913331
2800806913331
2800823056493
2800760731651
9789921780512
2800764158959
9789921749656
2800823099100
9789925303861
2800823030134
9789911616838
9789923748053
2800442214045
2800891343150
2800804801036
2800804801036
2800823001004
9789918484089
9789918484089
2800883653281
2800883653281
2800891346977
2800891340418
2800891340418
9789911094971
2800823015834
2800823057087
2800823057087
9789923597996
2800823006320
9789925166602
9789920856034
9789922029887
2801560106571
2800823001028
9789924745761
2800929261029
2800891343976
9789911401281
2800929261029
2801854221898
2800785800356
9789924658696
9789918887705
2800823056547
9789923747841
2800823007341
2800891348926
2800870113699
9789918226573
2800891344171
9789911925268
9789911620484
9789911620484
9789920561310
9789922762067
9789922762067
2800823007389
9789920545143
2800517563061
9789925017263
9789915885605
2801581801783
9789924863144
2800895776534
2801581805156
2800895776541
2800713719910
2800895776541
9789925557172
9789925557172
2800823047941
2800823047958
9789910905001
2800823047941
9789911734228
2841399950891
2800823056455
2800823018859
9789911445902
2800891345772
9789915461915
9789910724138
9789920004190
9789924863175
2800823041925
2801581806337
9789921876925
9789921876925
9789924335795
2800823004999
2800823056882
9789910724138
9789918118076
9789924586753
9789919789954
2800891345956
2800891349466
2800891340661
2801600610280
2800289801361
9789923115756
2800823056905
9789920995788
9789920520515
2800823056387
2800823056691
2800891345772
9789920246897
2800870113699
9789925245321
9789911925268
2800823056561
2801906388043
2800823059807
2800823026205
2800823037225
2800823011195
2800891347721
9789919485283
9789925412617
2801581807952
2800715394054
2800823027769
9789919485030
9789916459966
9789919871499
9789919485030
2800486267854
2800881925090
9789911068828
2800891347806
9789922016009
9789922230481
2801600611126
2800891344096
2800891344096
9789922016009
9789923582305
2800891342917
2800823033906
2800823005293
2800785824390
2800785824390
2800785824390
2800785824390
9789924745761
9789924745761
9789924745761
9789924987581
9789924987581
9789924987581
9789924987581
9789925350315
9789925350315
9789925350315
9789925350315
9789925350315
9789925230433
9789925230433
9789925230433
9789925230433
9789917502937
9789917502937
9789917502937
9789917502937
9789917502937
2800891345161
2800823056882
