2800847816615
2320010559090
2801579651079
2801579651079
2800941434364
2800671692591
2800671692591
2800671692591
2800671692591
2800002551542
9789919216689
2800762401705
2320011172373
9789919009182
9789922441993
2802080304720
9789915200224
2800688036708
2801564586430
2801564588670
2800811846464
2800743223531
2320011607936
2800670839348
2800731813218
2800743249944
9789922627489
2800060087717
9789923058152
2800761102337
2800500012125
2800609602265
9789914625912
2800517506624
9789910845093
9789910845093
2801584791180
2800847826102
2800865659591
2800156501721
2800394570275
2800688039501
2800760726312
2800671506171
9789915226286
2800028610094
2320011522185
9789923236765
9789919543679
9789913224659
2800471393483
9789917824688
2800517592214
9789924650492
9789917348351
9789915995786
9789915995786
2800393046689
2800688026587
2800393046689
2800517633429
9789925276813
9789925276813
9789925276813
2801584794341
2801843090610
2800517553079
2801579651826
2801579651826
9789923698389
9789923698389
2800847818374
2800517531374
2801931605085
9789925498994
9789925498994
2800091808497
2800847820889
2800847820889
2800814803211
9789923663455
9789923663455
2800690093843
9789915200224
9789921427431
2320011597435
2800517700367
2800517700367
2320010275655
2320010275655
9789913423205
9789923165232
9789917073000
2800865652318
2800316535177
9789924661078
9789918725755
9789918725755
9789918725755
2800679422732
2800679422732
9789924183136
2800671785361
2800061818761
2800002550866
2320010275655
2800688138686
2800812056008
2320010766214
2800811825643
2320010946234
2800688100690
9789925038435
9789925038435
9789925038435
9789924056645
2800002250612
9789925210527
9789924183136
9789924183136
9789924183136
9789921139426
9789921139426
9789917692959
2801875137109
2801592231982
9789924056645
9789915346175
2320100056911
2320100056911
9789921835090
9789921835090
2320010275655
9789919939861
