9789912029910
9789910090592
9789910090592
9789922925585
9789920781176
9789921114805
2800425165104
2801578060261
2800142004977
2801931010186
2801586420835
9789921262292
9789921262292
2800876632149
2800471333649
9789924577393
2801596915031
2801596915031
9789920859004
9789920859004
9789924288824
2841199748483
2841199900065
2800415053473
9789920112918
2800805062917
2800395480085
2800195173385
2800195311985
9789925086511
9789912327382
2800882544542
9789920541152
9789923716496
2800870210886
2800415020734
2800399151752
2800811734525
9789924497370
2800876632149
9789917979647
2320011314629
2320011314629
2800691078054
2800521884084
2800521884084
2800891412719
9789918347438
9789919037055
9789919037055
9789919037055
9789915291130
2800691089098
9789924501343
2801597971005
2801400067376
9789924036340
2801400067376
2801400067376
2800029035919
9789923972267
2801567510524
2801567512528
2800891412467
2800668049650
9789919022846
9789923237755
9789925387953
9789925387953
9789923089361
9789923735640
9789923089361
9789923735640
9789920384810
9789914834536
2800890967180
2801932595323
2800312030126
2800446582157
2320010233730
2800312358114
2800312358114
9789923057056
2801435115059
2800671410232
2800890157734
2800312372806
2800609605044
9789924426714
9789918958016
9789918958016
2320010232672
2320010232672
2801580970022
2800789210311
9789916787939
9789916787939
2800312362906
9789921055153
9789921055153
9789924046394
9789924777892
2800671695943
2800891417981
9789925229970
9789925229970
9789925041657
9789923052174
2800801506149
2801565847400
2800803263668
9789924567295
2801846030194
2801846030194
9789919696481
9789919696481
2800743410061
2800618187807
2800316130600
2841299441451
2800195071988
2800195071988
2800312266440
2800312043508
9789922820477
2800710207205
2800425157703
2800399147830
2800425172928
9789925056415
9789925056415
9789925056415
2800760755978
2800871139568
2800871139568
2800486430838
2800486430838
2841399510927
9789911529756
2800786865569
2800786884706
2320011162152
2801860645916
9789918516032
9789914994414
2320010292027
2841499675427
2800743250087
2800743250087
2800691031868
2801400046951
9789925400485
9789925400485
2800395669695
9789916191439
9789924930358
2800671727033
9789923605196
2800684872133
2800393027756
2801929223963
9789917913931
9789923677117
9789914032604
9789914032604
9789914032604
9789915919362
9789923403761
9789923403761
9789923403761
9789923403761
9789912234444
9789925315321
2800316758477
2800971566127
2800684833707
9789922217673
9789922354729
9789922354729
2841199367189
2800884864075
9789919449582
9789922870328
9789914980523
2800760763294
9789923474433
9789914841657
9789914841657
9789914841657
9789914084092
9789914084092
9789914084092
2841199797887
9789924919155
2800684864794
9789921088700
9789917416302
2800425202397
2800060090120
2800688089476
2800710601232
2800061812356
9789925369669
2801557501754
9789922870328
2800517556155
9789923867402
9789923867402
9789923867402
9789922658193
2801566396747
2800805050778
2841199389440
2801565848834
9789921926798
2801435111372
9789921952575
9789921246933
2801854094492
2800143038711
9789922270128
2800684140584
2800760735673
2800684809740
9789913223652
2841499994245
2800312181002
2841299709018
2800850523913
2801585790243
2800304358672
2841399847481
2800393029095
2800393029095
2800393319141
2800312118947
9789919581473
9789919649012
9789924704164
2800313209194
2800060838524
9789916118771
2801557504090
9789920901451
2800374256823
2800904256156
2800773726927
2800760332971
9789914733884
9789923068403
9789918985340
9789918985340
9789918985340
9789912978560
2801891620098
9789921278934
2801560989990
2841199917094
9789912863873
9789913603652
9789924544357
9789924544357
9789924544357
2800312354567
2800312354567
2800312354727
9789923737996
2801853673155
2800874869592
9789913862455
2800345384814
9789916342763
2800425207989
9789915337845
2800385721945
2800385720382
9789923490068
9789922397399
2800385504005
2800385504005
9789923981597
9789923981597
9789925271276
9789923981597
9789920065375
2801568656559
2800415932143
9789925237777
2841299437751
2800684167215
9789911767424
9789911767424
9789912234468
2800304353820
9789912234468
2800192141073
9789920539975
9789912891111
2800879387817
9789917052340
9789912891111
9789912891111
9789912891111
2320010837693
9789920026529
2800312363729
9789924844907
2800252074945
2800882547086
2800252016136
2800252016136
9789914909999
2800312293989
2800520016745
9789922193885
2801574882362
9789924013181
2801594200115
9789918487035
2801843542294
2801853673087
2800760719949
2800668049391
9789924613121
2800312360353
9789923652183
2320100065586
2800786707159
2801885119294
2800884050942
2841199685641
2801568583787
2801568583787
2800805055193
9789920399180
9789920399180
9789912030619
9789919051716
2800891413969
9789921923827
2800817307600
9789920572583
9789924544371
2800313292523
2800801434589
2841299656510
9789924539575
9789924539575
2800385423757
2800385423740
2800385423740
2800385423740
2800802117078
9789924995395
9789920582568
9789920582568
2800670304327
9789913822497
9789913822497
9789912651418
9789912651418
9789912651418
2800670459881
2800670459881
9789915299303
9789915299303
9789915299303
2800375705207
9789916677094
2800670888049
2800670852996
9789925431885
9789912651418
9789924337829
9789924337829
9789924337829
9789919926175
9789919926175
9789919926175
2800140114067
2800375700462
2800375705207
2800195091122
9789912095861
2800312628033
2800670018941
2800446527936
2801557509361
2800802141721
2800684163040
2800521800794
2800816039281
2801565841910
9789915312804
9789915312804
9789920568623
9789923644133
9789923644133
9789923644133
9789923644133
9789920053822
9789920053822
9789920053822
2801853674084
2801566198068
2800760707670
2800316514691
9789922751849
9789923774014
2800396087610
2800755310410
9789925086511
2800300049444
2800316143846
9789920399869
9789919310646
9789923644195
9789923444672
2800195325401
2801596985690
2800452010712
2800618095423
2800618095423
2841299008210
9789923965603
2800061240470
9789917157052
9789924752868
2800195333055
2800395109481
2800395360042
9789920957861
9789923213476
9789923213476
9789918664320
9789914361353
2800671024644
9789910157899
9789910157899
9789914854725
2841199367349
2800938289731
2800811714800
9789925070770
9789920343572
9789925361168
9789925361168
9789925361168
2800300077652
2801881325064
2800765303129
9789921572353
9789921572353
9789925068715
9789920463201
9789919999117
9789915779942
2801597972071
9789923563236
9789923563236
9789923563236
9789923563236
2801594160310
2800029215816
9789920637817
9789923716137
2800029215960
2800895263768
2801568524582
2841199367806
2800688016458
9789919046330
9789923458730
9789923458730
9789923458730
2800195062474
9789920446648
2801582617291
2800312048022
9789919743895
2800806528047
2800674022517
9789923088708
9789919310646
9789923088708
9789919742096
9789925147809
2801846034642
9789923839980
2800195053601
9789925451647
9789925451647
9789925451647
9789912680814
9789912680814
9789923119341
9789919999117
9789923119341
9789923119341
9789925366972
9789925366972
9789925366972
9789925366972
9789925366972
9789921674347
9789925389483
2800815764405
9789923124772
2800374186274
2800801431342
2800801483112
9789919809003
2801900512895
9789917887218
9789922458861
2800691031998
9789924407409
2841399022208
9789924407409
9789924222798
2800486287203
9789924368878
9789922989679
2800394553988
2800394553988
9789915892252
9789923307748
9789923538227
9789923538227
2800803237331
9789924610526
2800061236206
9789924942801
9789924942801
9789918805716
2801861267001
2801861268947
2800029250954
2320010615895
9789925012008
9789922795560
2800393010246
2800871133528
9789924647454
2800393325500
2801883522133
9789922075570
9789922075570
9789922075570
2800375760442
2800891417707
2800803251511
2800891411484
9789923464281
2800230604089
2800870216970
9789918156863
9789920903219
9789921655865
9789921655865
9789921655865
9789925454365
9789924063599
9789921996135
9789910432217
2800307267544
9789914290127
9789924161752
9789921535501
9789921549003
9789921549003
2801416544502
9789921605549
9789921605549
9789921605549
9789922822860
9789920810142
9789920810142
9789920810142
9789922314334
9789922314334
9789922314334
9789924947479
9789922314334
9789911589347
9789911589347
2801594031412
9789923779637
2841499994894
2841299959765
2801586482499
2801586483526
9789924326670
9789914811186
9789914811186
2800806504416
2800806504416
9789923113295
2801898697703
2801853670642
2800891417394
2800785816791
2800891417974
9789912587144
9789925174003
2800060888604
9789916500613
9789923612545
2800060193173
9789922668963
9789913917605
2800425202830
9789925218011
9789925218011
9789924230663
9789912129986
9789924230687
2800742517730
2800891415338
9789923755242
2800875864855
9789918543717
9789922406176
2800374177081
9789923522202
9789920011419
2800671543251
2800517665567
9789924599951
2800132098757
9789924739586
9789925019618
9789923776674
2800275966401
2801859847567
9789925244904
9789924083627
2800375423491
2800801441143
2800801441143
2800801474363
9789922223230
2320011572555
2800749923527
2800749923527
9789910145827
9789910145827
2841399974033
2320011441417
9789913908511
9789921375824
2800307265625
2800831790792
2800253343811
2841199920858
2320010513290
9789916170571
9789916170571
2800891418032
9789919719463
9789919719463
9789924307426
9789924307426
2800080413183
2801591148434
2800333989670
2800760301786
9789917175421
2841199429559
2320100180425
9789924293491
9789914426038
2841299484229
9789925059591
9789925059591
9789925059591
2800713712591
9789911679925
2801594868803
2800061766291
2801597970152
2800870211319
9789918752669
2800393058477
2800393058477
2800192853730
9789922179827
9789911529800
2800816031223
2841199053143
2801400032336
2841199429986
9789924414964
9789924746638
9789924746638
9789924746638
2800805089198
2801593762027
9789921004106
2841299044201
2841199851503
2800674144400
2800304362112
2800521217301
2800060838531
9789910926969
9789915450636
2841399432878
2801597972637
2800080367356
9789923617298
9789915833286
9789915833286
9789925436620
2800671787174
9789923697177
9789923697177
9789925348640
9789923444436
9789916507384
2800679751535
2801853674138
2800895264475
2801560258492
2801564144913
2801564144913
2800760766097
2800760776270
9789923079089
9789922969657
9789917715726
2801557509194
9789925450213
9789925450213
2800394550222
2801840371224
2800739406719
9789918805716
2801557509262
9789923847688
9789923957103
2800850528901
2800312363873
2800670258804
2320010230692
2800446516480
2801902304306
9789912855212
2801840653962
2800764307555
2800831722618
2800887302154
2800831744924
2841299752601
2800684844512
2841199876483
2800760763294
9789914953206
2841199996716
9789911964663
2801844425572
2801846039609
9789923963494
9789919016876
2800521470331
2800890090581
2800805004412
9789910853357
2800070252976
2800517653410
2800714819497
9789925079032
2800760712797
9789914447309
9789910538650
2320010724764
9789924460947
2800304352458
9789920692601
2800760762099
2800060182665
2841399024073
2800500251258
9789924812616
2320011385896
2800760705935
9789925363537
2800195216617
2841599013082
2320010724764
2841199510417
2800060819004
9789910144189
2801558594311
9789912682238
2800756632030
2800283999026
2800600339498
2841199914512
9789914259964
2320011402098
2801840654754
2800805033917
9789910924248
2800870216499
9789924573937
2841399950853
2800883940886
2800739415704
9789923352069
2801568521109
2800446530189
9789924879602
2800706404113
9789923241790
9789918156863
2800134508179
2800907408019
2800517277180
2800760707076
2800029057508
2801840652293
2801557506759
2801557506865
2800948509454
2800948509454
9789913749725
2800883633436
2841199480901
2841399841977
2841399841977
2841399841977
2841399841977
2841399841977
2841399841977
2841399841977
2841399841977
2841399841977
2800883631982
2320011418723
9789919820701
9789911986320
9789921009132
2800883631128
9789919087715
2800883633320
2800883631005
2800890099119
2800517689143
9789925079360
2800030577774
9789923352069
2801405486585
2800517614947
9789923710029
9789922519678
2800870216437
2800870216437
2841399841977
2841399841977
2841399841977
2841399841977
2841399841977
2841399841977
2841399841977
2800671229841
2800855337188
9789921320480
9789923827840
9789923827840
9789923943083
2801555215752
9789924084549
2800792450827
2800684163040
2841299589139
2800916489559
2800873644602
2800025734106
2800861245644
2841399841977
9789914210354
2800756613602
2800831767657
9789911927705
9789924048077
2800600603186
2320011346798
2800521440730
2800816010051
2801931933164
9789922012759
9789923122143
2800690357099
2800517066739
2800690006065
2801854093938
2800517460834
9789925204632
2800517242348
2801557506759
2801557506865
2801557506568
9789923572542
2800831744924
2800870210053
9789923827451
9789925244904
9789917509561
9789914990508
9789916505199
2800241113556
2800811733276
2800811705198
2800943231084
9789920965156
2800500013429
2800500013429
2800853682488
2800135978568
9789923506158
2801853675654
2801853675067
9789924543701
2801853673780
9789916859209
2800531037388
9789919449582
9789925086511
9789925086511
9789925086511
9789925056415
9789923677117
9789925400485
9789925400485
9789925400485
9789925400485
9789924919155
9789924919155
9789924919155
9789924544357
9789924544357
9789924544357
9789924544357
9789924544357
9789925361168
9789925361168
9789925361168
9789925361168
9789921572353
9789925080366
9789925451647
9789924942801
9789924942801
9789924942801
9789924942801
9789924942801
9789924942801
9789924942801
9789924942801
9789924942801
9789919980320
9789925218011
9789925218011
9789925218011
9789925218011
9789925218011
9789925218011
9789925218011
9789925218011
9789925218011
9789925218011
9789924746638
9789924746638
9789924746638
9789924746638
9789924746638
9789924746638
9789922400822
9789922400822
9789922400822
9789922400822
9789925361168
9789922825878
9789924819851
9789923884010
9789923884010
9789920224154
9789922942773
9789922942773
9789924483021
9789922427218
9789923232132
9789925100484
9789925100484
2841299647907
9789925429608
9789925429608
9789925429608
9789925429608
9789925429608
9789924320906
9789924320906
9789924320906
9789923783290
9789923783290
9789923783290
9789923783290
9789923783290
9789923783290
9789923783290
9789923783290
9789923783290
9789922158822
9789922158822
9789922158822
9789922158822
9789920139267
9789920139267
9789919094980
9789919094980
9789919094980
9789923568521
9789923568521
9789923568521
2800275984504
9789917286806
9789912087682
9789912087682
9789923659311
2800195053595
9789924966876
9789921852844
9789917921868
2800679447322
9789923762684
9789923014462
9789921262292
9789912027749
2800691018531
